-1.560577988624572754e+00
-8.147371411323547363e-01
-8.646085262298583984e-01
2.309646368026733398e+00
2.473362386226654053e-01
-3.496905863285064697e-01
-8.061858266592025757e-02
9.654946625232696533e-02
1.620987176895141602e+00
8.124479651451110840e-01
-7.555130124092102051e-01
-8.476717770099639893e-02
-6.695013046264648438e-01
-6.988808512687683105e-01
-4.528078436851501465e-01
5.812777876853942871e-01
-1.342511892318725586e+00
7.539718747138977051e-01
4.138391613960266113e-01
1.957817673683166504e+00
-9.397892951965332031e-01
3.708738386631011963e-01
-1.641201972961425781e+00
-5.188828706741333008e-01
2.411285042762756348e-01
4.516959786415100098e-01
-1.054999947547912598e+00
-1.337454676628112793e+00
-1.488562703132629395e+00
3.536648452281951904e-01
-3.053112328052520752e-01
7.507300376892089844e-01
7.328057289123535156e-02
-2.767921686172485352e-01
-3.358181715011596680e-01
-2.357390969991683960e-01
-4.581284821033477783e-01
7.542046308517456055e-01
1.982993632555007935e-01
2.430594921112060547e+00
7.682875990867614746e-01
-8.599622249603271484e-01
7.306497693061828613e-01
-2.053696662187576294e-01
-2.001831382513046265e-01
4.953764081001281738e-01
4.912812411785125732e-01
8.443018198013305664e-01
3.371170461177825928e-01
7.871551513671875000e-01
-1.510702967643737793e+00
7.679400444030761719e-01
-6.310179233551025391e-01
-3.280822634696960449e-01
1.513504743576049805e+00
-6.371955871582031250e-01
-5.089360475540161133e-01
9.922125935554504395e-01
1.999021768569946289e-01
-8.115603029727935791e-02
7.790138572454452515e-02
-3.228321969509124756e-01
-1.356151998043060303e-01
9.646827578544616699e-01
-1.273405551910400391e+00
4.018107950687408447e-01
-2.931402325630187988e-01
-5.565921068191528320e-01
5.980855226516723633e-01
5.773656442761421204e-02
5.545389056205749512e-01
1.202400326728820801e+00
-2.193731665611267090e-01
-2.414874881505966187e-01
2.867313325405120850e-01
6.420325040817260742e-01
9.766898155212402344e-01
-8.537954092025756836e-02
4.033615589141845703e-01
-1.531808972358703613e-01
1.803245209157466888e-02
5.279084201902151108e-03
-1.387459784746170044e-01
4.436719119548797607e-01
2.335606366395950317e-01
3.925603926181793213e-01
3.198930323123931885e-01
5.416051745414733887e-01
1.517396122217178345e-01
3.627584874629974365e-01
-7.719231396913528442e-02
-7.526682019233703613e-01
-1.912119537591934204e-01
-1.682994484901428223e+00
-3.330655395984649658e-01
-6.635368466377258301e-01
2.957728803157806396e-01
5.559462904930114746e-01
2.024661749601364136e-01
4.074712395668029785e-01
-1.810154318809509277e-01
7.700875997543334961e-01
1.164237186312675476e-01
4.279262721538543701e-01
6.651775240898132324e-01
-2.066632062196731567e-01
-1.039045006036758423e-01
-1.103821635246276855e+00
4.901531040668487549e-01
-4.334465786814689636e-02
-4.619898796081542969e-01
-2.477883249521255493e-01
2.549817562103271484e-01
2.233551442623138428e-02
7.934151589870452881e-02
1.461308002471923828e-01
8.697043359279632568e-02
1.713010519742965698e-01
2.735708057880401611e-01
-6.680750846862792969e-02
-1.427945494651794434e-01
1.503876447677612305e-01
1.862507760524749756e-01
-8.219611644744873047e-02
-7.440084218978881836e-02
4.883956909179687500e-02
2.365357428789138794e-02
1.207942068576812744e-01
4.723224416375160217e-02
-3.405910357832908630e-02
1.068488582968711853e-01
2.997000701725482941e-03
3.848822787404060364e-03
3.886695951223373413e-02
4.391860216856002808e-02
-7.977310568094253540e-03
1.196119710803031921e-01
5.627252906560897827e-02
-4.333741590380668640e-02
5.675584822893142700e-02
-2.860245667397975922e-02
-1.231045424938201904e-01
9.883411973714828491e-02
-2.746512554585933685e-02
8.070029318332672119e-02
-5.320284366607666016e-01
1.832670927047729492e+00
2.090141296386718750e+00
-8.017858862876892090e-01
-2.330672025680541992e+00
-1.647023558616638184e+00
2.393058538436889648e+00
-2.163712501525878906e+00
-1.118743866682052612e-01
1.625785231590270996e+00
1.868131041526794434e+00
2.420432329177856445e+00
6.444458961486816406e-01
3.581019937992095947e-01
3.101672172546386719e+00
1.577196002006530762e+00
1.739715695381164551e+00
2.730592966079711914e+00
5.710237026214599609e-01
-5.108632147312164307e-02
-1.338170051574707031e+00
2.042062044143676758e+00
1.511278390884399414e+00
-1.121623039245605469e+00
3.190209150314331055e+00
-1.452497482299804688e+00
-3.029594421386718750e+00
-2.682079970836639404e-01
-1.062871813774108887e+00
-1.292550712823867798e-01
-2.125675201416015625e+00
4.234552979469299316e-01
-1.795209884643554688e+00
3.530558943748474121e-01
-2.244827985763549805e+00
6.854115724563598633e-01
-2.450597047805786133e+00
-5.178314447402954102e-01
1.926450282335281372e-01
1.030085086822509766e+00
1.189216256141662598e+00
-1.122466325759887695e+00
-1.394240140914916992e+00
2.416921615600585938e+00
-1.524752140045166016e+00
2.121601343154907227e+00
4.645366966724395752e-01
1.952622830867767334e-01
-1.392791032791137695e+00
-1.073051571846008301e+00
-4.492388665676116943e-01
-6.743226647377014160e-01
4.834032058715820312e+00
-1.144133731722831726e-01
4.262006878852844238e-01
4.858277142047882080e-01
1.230668067932128906e+00
-3.545518815517425537e-01
-3.444227933883666992e+00
1.164258480072021484e+00
-3.490197360515594482e-01
-1.171937823295593262e+00
2.477779626846313477e+00
-3.571394681930541992e+00
-1.157041192054748535e+00
-4.646228551864624023e-01
6.677402257919311523e-01
2.475332021713256836e-01
2.990209758281707764e-01
5.248008966445922852e-01
-1.187327623367309570e+00
1.495084047317504883e+00
7.763742208480834961e-01
-1.025656342506408691e+00
-1.570381283760070801e+00
-1.597559452056884766e+00
-1.089050054550170898e+00
-1.039170861244201660e+00
-2.891326904296875000e+00
1.804912984371185303e-01
2.675982564687728882e-02
-1.279412675648927689e-02
7.608736306428909302e-02
-8.953222632408142090e-02
3.072986565530300140e-02
2.291626483201980591e-02
2.386083826422691345e-03
-1.685879658907651901e-03
4.653511196374893188e-02
-2.523108571767807007e-02
4.942091926932334900e-02
5.950230732560157776e-02
-1.044709309935569763e-01
3.032118454575538635e-02
2.938284724950790405e-02
-3.903720295056700706e-03
-2.802333235740661621e-02
9.222409874200820923e-02
-2.177940495312213898e-02
8.199450373649597168e-02
4.360971972346305847e-02
-1.169261112809181213e-01
1.396064832806587219e-02
4.199812188744544983e-02
-8.079534396529197693e-03
-4.456397518515586853e-02
1.036354601383209229e-01
-1.036838442087173462e-02
7.679103314876556396e-02
-3.485663980245590210e-02
-1.243083551526069641e-01
1.315414428710937500e+00
2.560000000000000000e+02
2.560000000000000000e+02
9.772183895111083984e-01
1.275473556518554688e+02
1.273724517822265625e+02
